[gd_scene format=3 uid="uid://chp3aqvx54cgi"]

[ext_resource type="Material" uid="uid://kvqyxm07kwge" path="res://Effects/screen_post_fx.tres" id="1_mwjbm"]
[ext_resource type="PackedScene" uid="uid://c2jmn7fqcsv24" path="res://Player/camera_pivot.tscn" id="2_rbmgi"]
[ext_resource type="Texture2D" uid="uid://xt01w1u2qfwc" path="res://Assets/Materials/TestFloorMat/exquistite-polished-tile_albedo.png" id="3_ymwqx"]
[ext_resource type="Texture2D" uid="uid://cjwgyolwq6axi" path="res://Assets/Materials/TestFloorMat/exquistite-polished-tile_ao.png" id="4_07tka"]
[ext_resource type="Texture2D" uid="uid://d1ud0cbta6goq" path="res://Assets/Materials/TestFloorMat/exquistite-polished-tile_metallic.png" id="5_yjhg3"]
[ext_resource type="Texture2D" uid="uid://iysiiph8g0nq" path="res://Assets/Materials/TestFloorMat/exquistite-polished-tile_normal-ogl.png" id="6_k1gnt"]
[ext_resource type="Texture2D" uid="uid://bi1v4o5qgvkpp" path="res://Assets/Materials/TestFloorMat/exquistite-polished-tile_roughness.png" id="7_7aoa1"]
[ext_resource type="MeshLibrary" uid="uid://dy0vxnd1qseb5" path="res://Assets/MeshLibrary.tres" id="8_piedo"]
[ext_resource type="PackedScene" uid="uid://b0eilnkhu73fw" path="res://Player/Player.tscn" id="9_ij8th"]
[ext_resource type="PackedScene" uid="uid://bomvk14icglbq" path="res://Modules/AI/NPC/NPCLucasTest.tscn" id="10_ymwqx"]
[ext_resource type="PackedScene" uid="uid://dyhnk6p2fbc87" path="res://Modules/ConeVision/cone_vision.tscn" id="11_07tka"]

[sub_resource type="Gradient" id="Gradient_uj4qu"]
offsets = PackedFloat32Array(0, 0.1539924, 1)
colors = PackedColorArray(0, 0, 0, 1, 0, 0.08235294, 0.24705882, 1, 1, 1, 1, 1)

[sub_resource type="GradientTexture1D" id="GradientTexture1D_d6ckj"]
gradient = SubResource("Gradient_uj4qu")

[sub_resource type="Environment" id="Environment_y1si3"]
background_color = Color(0.09385053, 0.11577933, 0.14867228, 1)
ambient_light_source = 2
ambient_light_color = Color(0.2632, 0.41160002, 0.56, 1)
ambient_light_energy = 0.0
tonemap_mode = 2
ssao_enabled = true
ssao_intensity = 1.0
glow_enabled = true
glow_intensity = 1.0
glow_bloom = 0.5
volumetric_fog_enabled = true
volumetric_fog_density = 0.03
volumetric_fog_length = 16.0
adjustment_enabled = true
adjustment_contrast = 1.1
adjustment_saturation = 1.1
adjustment_color_correction = SubResource("GradientTexture1D_d6ckj")

[sub_resource type="WorldBoundaryShape3D" id="WorldBoundaryShape3D_0qcv7"]

[sub_resource type="PlaneMesh" id="PlaneMesh_fry3c"]
size = Vector2(100, 100)

[sub_resource type="StandardMaterial3D" id="StandardMaterial3D_m7fnc"]
albedo_texture = ExtResource("3_ymwqx")
metallic = 1.0
metallic_texture = ExtResource("5_yjhg3")
roughness_texture = ExtResource("7_7aoa1")
normal_enabled = true
normal_texture = ExtResource("6_k1gnt")
ao_enabled = true
ao_texture = ExtResource("4_07tka")
uv1_scale = Vector3(12.5, 12.5, 12.5)
grow_amount = -4.125

[sub_resource type="ParticleProcessMaterial" id="ParticleProcessMaterial_mgh7o"]

[sub_resource type="QuadMesh" id="QuadMesh_0wlcr"]

[node name="Debug Mall" type="Node3D" unique_id=1495256944]

[node name="WorldEnvironment" type="WorldEnvironment" parent="." unique_id=1959069130]
environment = SubResource("Environment_y1si3")

[node name="SubViewportContainer" type="SubViewportContainer" parent="." unique_id=1985251051]
texture_filter = 1
material = ExtResource("1_mwjbm")
anchors_preset = 15
anchor_right = 1.0
anchor_bottom = 1.0
grow_horizontal = 2
grow_vertical = 2
mouse_filter = 2
stretch = true
stretch_shrink = 2

[node name="SubViewport" type="SubViewport" parent="SubViewportContainer" unique_id=831776583]
handle_input_locally = false
canvas_item_default_texture_filter = 0
size = Vector2i(960, 540)
size_2d_override = Vector2i(640, 360)
size_2d_override_stretch = true
render_target_update_mode = 4

[node name="Camera_pivot" parent="SubViewportContainer/SubViewport" unique_id=144358182 instance=ExtResource("2_rbmgi")]
CAMERA_DISTANCE_BACK = 3.0
CAMERA_DISTANCE_UP = 3.5
facing_direction = 2

[node name="Floor" type="StaticBody3D" parent="SubViewportContainer/SubViewport" unique_id=771670139]
metadata/_edit_lock_ = true

[node name="CollisionShape3D" type="CollisionShape3D" parent="SubViewportContainer/SubViewport/Floor" unique_id=612664855]
shape = SubResource("WorldBoundaryShape3D_0qcv7")
metadata/_edit_lock_ = true

[node name="MeshInstance3D" type="MeshInstance3D" parent="SubViewportContainer/SubViewport/Floor" unique_id=1963213374]
layers = 4
mesh = SubResource("PlaneMesh_fry3c")
surface_material_override/0 = SubResource("StandardMaterial3D_m7fnc")
metadata/_edit_lock_ = true

[node name="Walls" type="GridMap" parent="SubViewportContainer/SubViewport" unique_id=488532655]
mesh_library = ExtResource("8_piedo")
cell_size = Vector3(0.25, 2, 0.25)
cell_center_y = false
collision_layer = 8
collision_mask = 0
metadata/_editor_floor_ = Vector3(0, 0, 0)

[node name="CharacterBody3D" parent="SubViewportContainer/SubViewport" unique_id=265121882 instance=ExtResource("9_ij8th")]
transform = Transform3D(-1, 0, -2.6226832e-07, 0, 1, 0, 2.6226832e-07, 0, -1, 3.6935678, 0, -19.591475)

[node name="GPUParticles3D" type="GPUParticles3D" parent="SubViewportContainer/SubViewport" unique_id=473583453]
transform = Transform3D(1, 0, 0, 0, 1, 0, 0, 0, 1, -17.058178, 0, 21.921896)
process_material = SubResource("ParticleProcessMaterial_mgh7o")
draw_pass_1 = SubResource("QuadMesh_0wlcr")

[node name="DirectionalLight3D" type="DirectionalLight3D" parent="SubViewportContainer/SubViewport" unique_id=1533534779]
transform = Transform3D(1, 0, 0, 0, 0.44293037, 0.8965561, 0, -0.8965561, 0.44293037, 0, 6.798643, 5.608078)
visible = false
layers = 64

[node name="Lights" type="Node3D" parent="SubViewportContainer/SubViewport" unique_id=586401872]

[node name="SpotLight3D" type="SpotLight3D" parent="SubViewportContainer/SubViewport/Lights" unique_id=1672132625]
transform = Transform3D(1, 0, 0, 0, -0.052998304, 0.99859464, 0, -0.99859464, -0.052998304, 1.5, 7.841367, 1.1173873)
layers = 64
light_color = Color(0.50770867, 0.45986217, 0.89156145, 1)
light_energy = 6.0
light_size = 0.25
light_specular = 0.0
shadow_enabled = true
shadow_blur = 0.5
spot_range = 31.135
spot_attenuation = 0.5
spot_angle = 60.0
spot_angle_attenuation = 2.4622889

[node name="SpotLight3D6" type="SpotLight3D" parent="SubViewportContainer/SubViewport/Lights" unique_id=1870678051]
transform = Transform3D(1, 0, 0, 0, -0.052998304, 0.99859464, 0, -0.99859464, -0.052998304, -13.321789, 9.112866, 6.0631075)
layers = 64
light_color = Color(0.50770867, 0.45986217, 0.89156145, 1)
light_energy = 6.0
light_size = 0.25
light_specular = 0.0
shadow_enabled = true
shadow_blur = 0.5
spot_range = 31.135
spot_attenuation = 0.5
spot_angle_attenuation = 2.4622889

[node name="SpotLight3D7" type="SpotLight3D" parent="SubViewportContainer/SubViewport/Lights" unique_id=556486793]
transform = Transform3D(1, 0, 0, 0, -0.052998304, 0.99859464, 0, -0.99859464, -0.052998304, -12.571789, 9.112866, -0.18689251)
layers = 64
light_color = Color(0.50770867, 0.45986217, 0.89156145, 1)
light_energy = 6.0
light_size = 0.25
light_specular = 0.0
shadow_enabled = true
shadow_blur = 0.5
spot_range = 31.135
spot_attenuation = 0.5
spot_angle_attenuation = 2.4622889

[node name="SpotLight3D8" type="SpotLight3D" parent="SubViewportContainer/SubViewport/Lights" unique_id=714744138]
transform = Transform3D(1, 0, 0, 0, -0.052998304, 0.99859464, 0, -0.99859464, -0.052998304, -15.321789, 7.8628664, -15.4368925)
layers = 64
light_color = Color(0.50770867, 0.45986217, 0.89156145, 1)
light_energy = 6.0
light_size = 0.25
light_specular = 0.0
shadow_enabled = true
shadow_blur = 0.5
spot_range = 31.135
spot_attenuation = 0.5
spot_angle_attenuation = 2.4622889

[node name="SpotLight3D18" type="SpotLight3D" parent="SubViewportContainer/SubViewport/Lights" unique_id=952938771]
transform = Transform3D(1, 0, 0, 0, -0.052998304, 0.99859464, 0, -0.99859464, -0.052998304, -7.4713936, 7.8628664, -15.4368925)
layers = 64
light_color = Color(0.50770867, 0.45986217, 0.89156145, 1)
light_energy = 6.0
light_size = 0.25
light_specular = 0.0
shadow_enabled = true
shadow_blur = 0.5
spot_range = 31.135
spot_attenuation = 0.5
spot_angle_attenuation = 2.4622889

[node name="SpotLight3D9" type="SpotLight3D" parent="SubViewportContainer/SubViewport/Lights" unique_id=516763463]
transform = Transform3D(1, 0, 0, 0, -0.052998304, 0.99859464, 0, -0.99859464, -0.052998304, -7.571789, 9.112866, -11.6868925)
layers = 64
light_color = Color(0.50770867, 0.45986217, 0.89156145, 1)
light_energy = 6.0
light_size = 0.25
light_specular = 0.0
shadow_enabled = true
shadow_blur = 0.5
spot_range = 31.135
spot_attenuation = 0.5
spot_angle_attenuation = 2.4622889

[node name="SpotLight3D10" type="SpotLight3D" parent="SubViewportContainer/SubViewport/Lights" unique_id=1660479256]
transform = Transform3D(1, 0, 0, 0, -0.052998304, 0.99859464, 0, -0.99859464, -0.052998304, -2.5717888, 9.112866, -6.9368925)
layers = 64
light_color = Color(0.50770867, 0.45986217, 0.89156145, 1)
light_energy = 6.0
light_size = 0.25
light_specular = 0.0
shadow_enabled = true
shadow_blur = 0.5
spot_range = 31.135
spot_attenuation = 0.5
spot_angle_attenuation = 2.4622889

[node name="SpotLight3D13" type="SpotLight3D" parent="SubViewportContainer/SubViewport/Lights" unique_id=481400670]
transform = Transform3D(1, 0, 0, 0, -0.052998304, 0.99859464, 0, -0.99859464, -0.052998304, 3.4282112, 9.112866, -4.6868925)
layers = 64
light_color = Color(0.50770867, 0.45986217, 0.89156145, 1)
light_energy = 6.0
light_size = 0.25
light_specular = 0.0
shadow_enabled = true
shadow_blur = 0.5
spot_range = 31.135
spot_attenuation = 0.5
spot_angle_attenuation = 2.4622889

[node name="SpotLight3D11" type="SpotLight3D" parent="SubViewportContainer/SubViewport/Lights" unique_id=316716589]
transform = Transform3D(1, 0, 0, 0, -0.052998304, 0.99859464, 0, -0.99859464, -0.052998304, -0.3217888, 9.112866, -16.936893)
layers = 64
light_color = Color(0.50770867, 0.45986217, 0.89156145, 1)
light_energy = 6.0
light_size = 0.25
light_specular = 0.0
shadow_enabled = true
shadow_blur = 0.5
spot_range = 31.135
spot_attenuation = 0.5
spot_angle = 41.64
spot_angle_attenuation = 2.4622889

[node name="SpotLight3D12" type="SpotLight3D" parent="SubViewportContainer/SubViewport/Lights" unique_id=869748245]
transform = Transform3D(1, 0, 0, 0, -0.052998304, 0.99859464, 0, -0.99859464, -0.052998304, 4.178211, 7.1128664, -11.686893)
layers = 64
light_color = Color(0.50770867, 0.45986217, 0.89156145, 1)
light_energy = 6.0
light_size = 0.25
light_specular = 0.0
shadow_enabled = true
shadow_blur = 0.5
spot_range = 31.135
spot_attenuation = 0.5
spot_angle_attenuation = 2.4622889

[node name="SpotLight3D16" type="SpotLight3D" parent="SubViewportContainer/SubViewport/Lights" unique_id=1051647848]
transform = Transform3D(1, 0, 0, 0, -0.052998304, 0.99859464, 0, -0.99859464, -0.052998304, 11.678211, 7.1128664, -7.6868935)
layers = 64
light_color = Color(0.50770867, 0.45986217, 0.89156145, 1)
light_energy = 6.0
light_size = 0.25
light_specular = 0.0
shadow_enabled = true
shadow_blur = 0.5
spot_range = 31.135
spot_attenuation = 0.5
spot_angle_attenuation = 2.4622889

[node name="SpotLight3D15" type="SpotLight3D" parent="SubViewportContainer/SubViewport/Lights" unique_id=1883681625]
transform = Transform3D(1, 0, 0, 0, -0.052998304, 0.99859464, 0, -0.99859464, -0.052998304, -2.5717888, 6.8628664, -4.1868935)
layers = 64
light_color = Color(0.50770867, 0.45986217, 0.89156145, 1)
light_energy = 6.0
light_size = 0.25
light_specular = 0.0
shadow_enabled = true
shadow_blur = 0.5
spot_range = 31.135
spot_attenuation = 0.5
spot_angle_attenuation = 2.4622889

[node name="SpotLight3D3" type="SpotLight3D" parent="SubViewportContainer/SubViewport/Lights" unique_id=50844680]
transform = Transform3D(1, 0, 0, 0, -0.052998304, 0.99859464, 0, -0.99859464, -0.052998304, 9.75, 7.598916, 1)
layers = 64
light_color = Color(0.50770867, 0.45986217, 0.89156145, 1)
light_energy = 6.0
light_size = 0.25
light_specular = 0.0
shadow_enabled = true
shadow_blur = 0.5
spot_range = 31.135
spot_attenuation = 0.5
spot_angle = 60.0
spot_angle_attenuation = 2.4622889

[node name="SpotLight3D2" type="SpotLight3D" parent="SubViewportContainer/SubViewport/Lights" unique_id=939809107]
transform = Transform3D(1, 0, 0, 0, -0.052998304, 0.99859464, 0, -0.99859464, -0.052998304, 2, 8.232662, 9.596434)
layers = 64
light_color = Color(0.50770867, 0.45986217, 0.89156145, 1)
light_energy = 6.0
light_size = 0.25
light_specular = 0.0
shadow_enabled = true
shadow_blur = 0.5
spot_range = 31.135
spot_attenuation = 0.5
spot_angle = 60.0
spot_angle_attenuation = 2.4622889

[node name="SpotLight3D14" type="SpotLight3D" parent="SubViewportContainer/SubViewport/Lights" unique_id=346048323]
transform = Transform3D(1, 0, 0, 0, -0.052998304, 0.99859464, 0, -0.99859464, -0.052998304, 4.25, 5.482662, 5.8464336)
layers = 64
light_color = Color(0.50770867, 0.45986217, 0.89156145, 1)
light_energy = 6.0
light_size = 0.25
light_specular = 0.0
shadow_enabled = true
shadow_blur = 0.5
spot_range = 7.946
spot_angle = 60.0
spot_angle_attenuation = 2.4622889

[node name="SpotLight3D4" type="SpotLight3D" parent="SubViewportContainer/SubViewport/Lights" unique_id=593014381]
transform = Transform3D(1, 0, 0, 0, -0.052998304, 0.99859464, 0, -0.99859464, -0.052998304, 0, 8.232662, 28.134186)
layers = 64
light_color = Color(0.50770867, 0.45986217, 0.89156145, 1)
light_energy = 6.0
light_size = 0.25
light_specular = 0.0
shadow_enabled = true
shadow_blur = 0.5
spot_range = 31.135
spot_attenuation = 0.5
spot_angle = 60.0
spot_angle_attenuation = 2.4622889

[node name="SpotLight3D5" type="SpotLight3D" parent="SubViewportContainer/SubViewport/Lights" unique_id=2050861288]
transform = Transform3D(1, 0, 0, 0, -0.052998304, 0.99859464, 0, -0.99859464, -0.052998304, -9.51265, 6.501198, -6.1524324)
layers = 64
light_color = Color(0.50770867, 0.45986217, 0.89156145, 1)
light_energy = 6.0
light_size = 0.25
light_specular = 0.0
shadow_enabled = true
shadow_blur = 0.5
spot_range = 31.135
spot_attenuation = 0.5
spot_angle = 60.0
spot_angle_attenuation = 2.4622889

[node name="SpotLight3D17" type="SpotLight3D" parent="SubViewportContainer/SubViewport/Lights" unique_id=357107182]
transform = Transform3D(1, 0, 0, 0, -0.052998304, 0.99859464, 0, -0.99859464, -0.052998304, -16.51265, 8.501198, -6.1524324)
layers = 64
light_color = Color(0.50770867, 0.45986217, 0.89156145, 1)
light_energy = 6.0
light_size = 0.25
light_specular = 0.0
shadow_enabled = true
shadow_blur = 0.5
spot_range = 31.135
spot_attenuation = 0.5
spot_angle = 60.0
spot_angle_attenuation = 2.4622889

[node name="Gaurds" type="Node3D" parent="SubViewportContainer/SubViewport" unique_id=1828718672]

[node name="Patrol1" parent="SubViewportContainer/SubViewport/Gaurds" unique_id=854805088 instance=ExtResource("10_ymwqx")]
transform = Transform3D(1, 0, 0, 0, 1, 0, 0, 0, 1, -3, 0, -3)
color = Color(1, 0.20999998, 0.20999998, 1)

[node name="Cone Vision" parent="SubViewportContainer/SubViewport/Gaurds/Patrol1" unique_id=1869490121 instance=ExtResource("11_07tka")]
