[gd_scene format=3 uid="uid://b4umi6y0r105j"]

[ext_resource type="PackedScene" uid="uid://baxc0r31om4pa" path="res://Assets/Models/Stock Assets/Office_Desk_3.fbx" id="1_tbu5a"]
[ext_resource type="PackedScene" uid="uid://ps0p06w7npfo" path="res://Assets/Models/Stock Assets/Computer_Old_Monitor.fbx" id="2_dn6fs"]

[sub_resource type="BoxShape3D" id="BoxShape3D_tbu5a"]
size = Vector3(2.4247742, 1.8823242, 0.7975769)

[node name="ComputerDesk" type="Node3D" unique_id=858584765]

[node name="Office_Desk_4" parent="." unique_id=1668904651 instance=ExtResource("1_tbu5a")]

[node name="Computer_Old_Monitor7" parent="." unique_id=752535615 instance=ExtResource("2_dn6fs")]
transform = Transform3D(0.9563252, 0, 0.29230493, 0, 1, 0, -0.29230493, 0, 0.9563252, -0.67686945, 0.926, 0.09906855)

[node name="Computer_Old_Monitor8" parent="." unique_id=739626723 instance=ExtResource("2_dn6fs")]
transform = Transform3D(0.99973464, 0, -0.023036271, 0, 1, 0, 0.023036271, 0, 0.99973464, 0.21802229, 0.926, 0.048071265)

[node name="Computer_Old_Monitor9" parent="." unique_id=1882916862 instance=ExtResource("2_dn6fs")]
transform = Transform3D(0.9297573, 0, -0.3681732, 0, 1, 0, 0.3681732, 0, 0.9297573, 0.65595144, 0.926, 0.12826145)

[node name="Computer_Old_Monitor10" parent="." unique_id=736272825 instance=ExtResource("2_dn6fs")]
transform = Transform3D(0.99993503, 0, -0.011396766, 0, 1, 0, 0.011396766, 0, 0.99993503, -0.23182636, 0.926, 0.03305137)

[node name="Computer_Old_Monitor11" parent="." unique_id=1560677995 instance=ExtResource("2_dn6fs")]
transform = Transform3D(0.963003, 0, 0.26949134, 0, 1, 0, -0.26949134, 0, 0.963003, -0.43686947, 1.384, -0.007931456)

[node name="Computer_Old_Monitor12" parent="." unique_id=635144671 instance=ExtResource("2_dn6fs")]
transform = Transform3D(0.8999235, 0, -0.43604815, 0, 1, 0, 0.43604815, 0, 0.8999235, 0.48713052, 1.384, -0.015931457)

[node name="StaticBody3D" type="StaticBody3D" parent="." unique_id=1457326106]
collision_layer = 8
collision_mask = 0

[node name="CollisionShape3D" type="CollisionShape3D" parent="StaticBody3D" unique_id=159517207]
transform = Transform3D(1, 0, 0, 0, 1, 0, 0, 0, 1, 0.0072784424, 0.9953613, -0.023635864)
shape = SubResource("BoxShape3D_tbu5a")
