[gd_scene format=3 uid="uid://b0de055ebbyya"]

[ext_resource type="PackedScene" uid="uid://baxc0r31om4pa" path="res://Assets/Models/Stock Assets/Office_Desk_3.fbx" id="1_2unmd"]
[ext_resource type="PackedScene" uid="uid://ps0p06w7npfo" path="res://Assets/Models/Stock Assets/Computer_Old_Monitor.fbx" id="2_m68u3"]

[sub_resource type="BoxShape3D" id="BoxShape3D_vto4r"]
size = Vector3(2.4247742, 1.8823242, 0.7975769)

[node name="Security Table" type="Node3D" unique_id=2091381812]

[node name="Office_Desk_3" parent="." unique_id=499433519 instance=ExtResource("1_2unmd")]

[node name="Computer_Old_Monitor" parent="." unique_id=1338667355 instance=ExtResource("2_m68u3")]
transform = Transform3D(0.9563252, 0, 0.29230493, 0, 1, 0, -0.29230493, 0, 0.9563252, -0.6122949, 0.92599213, 0.0526374)

[node name="Computer_Old_Monitor2" parent="." unique_id=771091161 instance=ExtResource("2_m68u3")]
transform = Transform3D(0.99973464, 0, -0.023036271, 0, 1, 0, 0.023036271, 0, 0.99973464, 0.28229976, 0.92599213, 0.0013055503)

[node name="Computer_Old_Monitor4" parent="." unique_id=188264590 instance=ExtResource("2_m68u3")]
transform = Transform3D(0.9297573, 0, -0.3681732, 0, 1, 0, 0.3681732, 0, 0.9297573, 0.72022897, 0.92599213, 0.08149554)

[node name="Computer_Old_Monitor3" parent="." unique_id=1612075919 instance=ExtResource("2_m68u3")]
transform = Transform3D(0.99993503, 0, -0.011396766, 0, 1, 0, 0.011396766, 0, 0.99993503, -0.1675485, 0.92599213, -0.013714343)

[node name="Computer_Old_Monitor5" parent="." unique_id=619722306 instance=ExtResource("2_m68u3")]
transform = Transform3D(0.963003, 0, 0.26949134, 0, 1, 0, -0.26949134, 0, 0.963003, -0.37233967, 1.3836892, -0.054736286)

[node name="Computer_Old_Monitor6" parent="." unique_id=597630162 instance=ExtResource("2_m68u3")]
transform = Transform3D(0.8999235, 0, -0.43604815, 0, 1, 0, 0.43604815, 0, 0.8999235, 0.551524, 1.3836892, -0.062951565)

[node name="StaticBody3D" type="StaticBody3D" parent="." unique_id=1692491428]
collision_layer = 8
collision_mask = 0

[node name="CollisionShape3D" type="CollisionShape3D" parent="StaticBody3D" unique_id=586806562]
transform = Transform3D(1, 0, 0, 0, 1, 0, 0, 0, 1, 0.0072784424, 0.9953613, -0.023635864)
shape = SubResource("BoxShape3D_vto4r")
